1269904675 354873
1272667281 354873
1276218539 354874
1276231855 354554
1276232953 354555
1276234605 354555
1276234883 354555
1276243803 355917
1276244323 355917
1276275781 355918
1276293323 355917
1276804182 355882
1276805942 355902
1276890873 355939
1276903458 355940
1277677314 356688
1279577029 356688
1279587630 356722
1280106603 357017
1280116004 356769
1280116426 356769
1280116496 356771
1281121638 356771
1281397574 356779
1281685176 356784
1281724159 356784
1281750872 356803
1281751426 356803
1281922407 356805
1282025795 341609
1282170357 341642
1282172375 341656
1283281689 341701
1283373066 341704
1283893439 341716
1284307304 341758
1284417022 341744
1285450645 341747
1286487594 342013
1286487670 342012
1286497027 342024
1286913343 342031
1287425325 342445
1287521932 342444
1287529678 342461
1287873243 342468
1287881665 342554
1287968495 342714
1287972875 342783
1288727482 342781
1288727618 342786
1288844844 342940
1288849544 342956
1288849961 342959
1288853471 343018
1288853933 343026
1288906795 343027
1288906836 343027
1289066037 343026
1289205902 343207
1289234982 343205
1289339190 343227
1289607134 343346
1289607525 343357
1289697485 343397
1289702330 343398
1289702495 343401
1289714828 343391
1289717160 343408
1289724379 343368
1296601868 343378
1296634093 343391
1296635154 344567
1296635429 344568
1296692937 344594
1296702494 344623
1296703309 344622
1297211890 344629
1297211957 344631
1297213383 344631
1297213408 344631
1297213567 344636
1297229256 344640
1297281176 344637
1297365651 344640
1298790933 344850
1298792504 344888
1298845632 344868
1298862952 345017
1299004417 442165
1299438707 442178
1299442598 442226
1299456998 442287
1299468423 442438
1299483496 442473
1299483521 442447
1299554428 442425
1299608930 442426
1299614299 442443
1299660007 442447
1302663118 442466
1304976176 442546
1304977719 442546
1305261278 443020
1305308494 443027
1305312232 443029
1305313438 443073
1305661273 443086
1305829165 443092
1305834429 443105
1305875993 443138
1306038358 443146
1306043408 443152
1306105241 443153
1306105421 443152
1306107725 443152
1306109549 443148
1306277941 443148
1306479190 443148
1306516854 443145
1306708872 12072
1306710959 12072
1306824854 12082
1306905453 12082
1306905468 12082
1306910852 12089
1306953524 12096
1306953947 12096
1307432510 12096
1308549919 12163
1308596356 12180
1308849074 12195
1308849144 12211
1308943335 12289
1309137732 13454
1309138021 13454
1309207495 13836
1309223236 13836
1309240243 13837
1309306024 13867
1310613622 14184
1310617140 14223
1310661656 14062
1310661770 14232
1310666914 14240
1310668772 14236
1310669221 14233
1310678951 14242
1310679424 14242
1310679523 14242
1310680059 14242
1311289719 14306
1311289773 14305
1311311373 14463
1312232088 14503
1312237526 14924
1312237628 14925
1312325262 14893
1312325278 14893
1312337477 14893
1313010228 14893
1314489534 14893
1314659606 14787
1314683933 14787
1314683984 14805
1314684813 14804
1314685630 14806
1314815236 14806
1317444738 14812
1318558447 15013
1318874801 15013
1318874855 15024
1320009056 15023
1320200758 15122
1320272162 15169
1320385356 15168
1320725785 15168
1320726488 15168
1320741208 15201
1320741615 15333
1320817529 15334
1320817563 15332
1320822354 15332
1322681698 15333
1322681796 15386
1322776332 15386
1322891970 15584
1323883102 15584
1323883183 15647
1323951674 15654
1325797160 15674
1326510505 15751
1326511047 15772
1326511203 15885
1327998798 15881
1327998804 15891
1328510811 15883
1328567298 15883
1328571447 15884
1328584825 15901
1328589639 15910
1328854459 15916
1328855273 15973
1328855522 15973
1328857104 15994
1328899334 16171
1328899923 16177
1329024165 16179
1329720623 16296
1330127414 16395
1330638197 16395
1331069912 16383
1332012694 16399
1332014961 16423
1332016754 16424
1332017395 16436
1332017489 16436
1333070979 16434
1333073555 16449
1333121929 16449
1333129099 16449
1333129187 16449
1333662802 16449
1333953577 16453
1333953696 16465
1336273515 16464
1338770644 16934
1338964306 16953
1339024459 17042
1339026539 17039
1339053947 22004
1339102030 22186
1339135558 22186
1339828590 22326
1339829231 23150
1339829678 23150
1339829743 23150
1339918125 23168
1339964921 23172
1339969038 23169
1339974672 23184
1340174906 23188
1340402589 23196
1340952688 23289
1340952753 23291
1340996423 23314
1341010896 23310
1341011931 23314
1341012306 23314
1341020832 23355
1341092755 23548
1341099807 23772
1341103616 23848
1341129959 24228
1341188011 24493
1341613406 24702
1341617620 24708
1341622604 24880
1341631064 24969
1341769933 24873
1341781204 25010
1341943895 25036
1341944194 25036
1342111062 27240
1342112286 27240
1342122010 27258
1342122130 27260
1342122732 27180
1342142512 25057
1342143362 25061
1342487833 27180
1342488315 27177
1342488408 27177
1342642190 25107
1342933108 25058
1343064990 25107
1343331531 27142
1343348452 26925
1343417007 26947
1343431672 26960
1343431698 26960
1343433576 26961
1343530411 26964
1343532342 27152
1343670069 28191
1343672641 27174
1343749164 27537
1343845605 27535
1343855169 27678
1343874590 28739
1343926116 28234
1343940909 28240
1343941887 28238
1343942593 28191
1344021727 28190
1344026255 28233
1344026657 28233
1344046670 28232
1344127520 28661
1344442279 28665
1344545124 28645
1344585402 28668
1344585453 28661
1344791881 28665
1344793237 28664
1344794498 28667
1344802592 28665
1344805819 28707
1344896980 28878
1344974722 28878
1345427956 28884
1345775908 27635
1345777195 27636
1345778678 27652
1345779494 27676
1346020370 27676
1346132302 27671
1346134070 27734
1346218800 27736
1346361160 27825
1346382066 27821
1346460463 27875
1346714097 27899
1346714640 27902
1346888512 27920
1346973386 27923
1347057823 28026
1347062916 28098
1347404406 28156
1347404437 28156
1347408257 28454
1347483050 38479
1347486637 38483
1347486854 38496
1347486880 38588
1347491157 38588
1347503895 38565
1347504451 38430
1347504638 38429
1347555724 38512
1347581966 38512
1347585019 38738
1347841118 38725
1347901882 38727
1348187627 38747
1348187710 38915
1348204399 38914
1348206141 38914
1348207375 38913
1348274368 38915
1348379804 38919
1348380372 38919
1348515121 38985
1348521168 38985
1348521430 38985
1348526398 38989
1348546231 39065
1348555952 39067
1348592315 39071
1348608713 39071
1348609420 39062
1348613178 39074
1348613187 39087
1348626667 39108
1348634818 39115
1348640816 39276
1348642264 39301
1348642744 39305
1348644334 39309
1348644779 39309
1348694057 39310
1348712278 39655
1348712327 39693
1348725279 39811
1348726935 39814
1348728818 39814
1348728828 39837
1348793459 39837
1348796744 39885
1348806726 39881
1348869054 39881
1348874045 39931
1348874887 39969
1348879320 39978
1348882093 39906
1348884050 39909
1348884161 39909
1348900096 39915
1348900856 39911
1348975314 40072
1348975351 40083
1348975674 40084
1348979452 40159
1348979618 40165
1348980043 40164
1348980186 40164
1349065179 40213
1349066907 40213
1349070736 40217
1349113733 40217
1349114246 40220
1349114252 40233
1349118098 40229
1349129262 40235
1349129300 40236
1349130042 40241
1349130116 40243
1349132116 40245
1349202951 40245
1349203039 40295
1349204492 40245
1349204520 40245
1349222896 40245
1349223938 40410
1349224240 40419
1349224261 40446
1349238272 40503
1349238414 40561
1349241128 40561
1349241280 40559
1349242135 40566
1349278045 40566
1349278303 40809
1349287308 40809
1349287800 40810
1349388703 40806
1349394570 41090
1349404977 40963
1349413892 40811
1349416776 40921
1349458038 40946
1349482015 40964
1349488479 40962
1349489769 40962
1349499622 41091
1349499786 41090
1349569634 41096
1349571653 41130
1349574364 41199
1349579230 41249
1349581864 41250
1349582530 41274
1349583556 41280
1349583594 41282
1349586138 41285
1349591748 41288
1349592232 41288
1349594279 41309
1349594741 41314
1349595276 41314
1349596613 41336
1349600058 41336
1349629013 41365
1349634653 41458
1349714703 41463
1349719709 41463
1349724548 41471
1349740468 41480
1349742325 41480
1349801098 41481
1349801180 41494
1349801278 41567
1349818223 41580
1349833116 41799
1350078000 41799
1350078007 42316
1350078401 42324
1350079106 42340
1350089600 42406
1350091161 42433
1350096783 42430
1350165134 42415
1350167471 42443
1350168939 42443
1350170425 42451
1350170559 42451
1350180311 42468
1350233494 42468
1350234022 42469
1350241225 42465
1350241298 42469
1350241352 42469
1350241378 42469
1350241498 42469
1350261380 42471
1350268601 42470
1350634325 42484
1350713924 42484
1350801217 42496
1350801301 42515
1350803102 42515
1350931437 42515
1350931782 42515
1351052046 42532
1351052143 42533
1351054905 42396
1351055075 42418
1351140733 42419
1351236668 42425
1351382199 42425
1351794678 42435
1351796063 42432
1351992926 42428
1352246258 42431
1352331351 42496
1352397220 42497
1352445192 42535
1352521640 42642
1352617522 42638
1352684725 42656
1352696817 42650
1352961425 42650
1352967052 42650
1353127715 42650
1354078318 42790
1354078804 42779
1354084067 42854
1354084689 42879
1354084765 42883
1354172368 42883
1354664067 42926
1354955591 42949
1355118005 44289
1355165936 44295
1355165981 44297
1355166235 44553
1355181126 44554
1355181179 44559
1355181310 44561
1355181661 44562
1355200748 44567
1355256102 44599
1355431460 44605
1355446014 44604
1355450732 44618
1355458450 44721
1355466713 44723
1355467428 44722
1355514076 44727
1355868209 44828
1355947623 44829
1355959892 44845
1356032018 45172
1356132683 45103
1356133773 45103
1356134597 45105
1356135950 45105
1356365090 45111
1356391685 45122
1356822093 45187
1357057206 45245
1357057293 45262
1357409840 45270
1357437248 45336
1357441888 45349
1357444005 45359
1357595423 45373
1357595439 45390
1357609023 45247
1357712643 45275
1357712794 45276
1357712997 45279
1357873600 45362
1357873988 45364
1358033916 45431
1358036110 45441
1358036227 45478
1358062637 45478
1358063376 48451
1358066901 48461
1358134447 48467
1358134472 48475
1358275084 48520
1358288444 48520
1358288549 48572
1358450087 48586
1358450239 48583
1358470825 48583
1358473255 48592
1358544277 59755
1358544530 59755
1358630775 59756
1358705138 48594
1358706089 48646
1358706293 48646
1358708436 48929
1358709758 48938
1358714895 59376
1358730533 59385
1358730644 59493
1358738544 59720
1358744717 59722
1358747750 59756
1358747864 59754
1358756633 59723
1358794337 59748
1358795928 59747
1358796828 59749
1358798361 59750
1358802160 59749
1358802602 59765
1358809663 59765
1358814074 59644
1358820691 59753
1358884614 59737
1358898517 59742
1358898564 59749
1358913592 59770
1358917373 59733
1358917545 59706
1358926127 59737
1358972190 59909
1358972311 59969
1358972928 59641
1358975247 59644
1358984657 59737
1359008602 59790
1359011415 59795
1359061503 59810
1359071923 59815
1359097250 59679
1359156806 59680
1359246057 59727
1359255542 59796
1359330668 60189
1359340871 60190
1359343429 60219
1359357440 60209
1359359774 60226
1359365367 60225
1359439724 60256
1359440687 60256
1359441012 60241
1359484902 60239
1359485058 60260
1359511949 60262
1359586884 60264
1359586906 60270
1359586973 60278
1359588929 60286
1359696899 60209
1359698306 60224
1359707527 60234
1359707561 60238
1359746987 60245
1359749262 60244
1359752365 60245
1359756454 60245
1359756458 60235
1359761922 60296
1359781417 60297
1359781644 60298
1359860999 61027
1359862830 61030
1359876887 61031
1359877126 61026
1359877168 61023
1359877453 61044
1359878303 61026
1359956196 61023
1360004791 61022
1360012494 61022
1360093544 61030
1360115902 61031
1360117674 61025
1360117724 61023
1360141877 61184
1360186235 61189
1360188854 61101
1360190086 61129
1360216560 61098
1360290544 61028
1360434990 61028
1360454088 61028
1360462376 61019
1360462484 61085
1360462518 61085
1360530069 61085
1360617830 61214
1360617894 61210
1360635792 61210
1360639145 61369
1360809737 61369
1360906255 61444
1360994964 61445
1361038062 61470
1361061518 61470
1361061555 61465
1361137723 61509
1361138508 61509
1361148792 61512
1361168006 61527
1361172188 61531
1361247948 61538
1361322420 61550
1361322444 61551
1361336175 61581
1361573746 61581
1361573778 61562
1361575615 61591
1361577097 61595
1361602699 61632
1361647147 61646
1361663706 61656
1361690727 61873
1361691495 61895
1361743867 61895
1361756897 63922
1361780212 63924
1361812924 63976
1361816888 63973
1361822035 63973
1361826635 63973
1361826912 63973
1361826930 63973
1361827631 63973
1361829676 63973
1361829684 63975
1361830983 63975
1361831695 63975
1361834010 64029
1361834056 64031
1361834345 64031
1361834925 64031
1361835501 64031
1361836423 64031
1361842531 64045
1361844660 64045
1361849672 64137
1361852616 64137
1361852621 64137
1361853047 64137
1361859527 64137
1361909279 64137
1361909463 64137
1361910258 64138
1361947958 64142
1361949649 64144
1361950730 64144
1361985251 64160
1361985326 64160
1362153618 64160
1362291232 64162
1362291289 64162
1362359782 64659
1362360007 64728
1362427711 64735
1362947950 64474
1362955497 64484
1362955703 64492
1362955751 64492
1362959574 64491
1362986637 64590
1363151940 64590
1363182556 64590
1363227908 64590
1363228186 64666
1363385563 64677
1363385608 64769
1363459665 64820
1363753901 64833
1363754074 64827
1363755546 64827
1363803662 64900
1363803756 65178
1363832867 65235
1363832963 65307
1364048001 65431
1364048374 65435
1364333288 65438
1364335513 65438
1364620310 65438
1364620335 65440
1364620392 65444
1364620447 65475
1364620582 65476
1364778554 65476
1364955825 65476
1364955852 65476
1365380110 65476
1365380272 65476
1365380823 65476
1365380853 65476
1365381079 65476
1365382458 65498
1365382542 65498
1365383721 65498
1365439397 65498
1365439470 65500
1365456878 65500
1365570292 65513
1365570455 65513
1365733777 65515
1365733805 65515
1365734054 65516
1365825322 65516
1365871392 65516
1365952283 65517
1365952813 65517
1366058511 65517
1366166882 65517
1366312091 69272
1366322318 69742
1366349121 65521
1366818150 69003
1366841300 69004
1366854792 69011
1366873887 69004
1366944732 69014
1366945393 69015
1367188564 69047
1367205573 69229
1367213028 69239
1367213367 69241
1367280525 69241
1367342557 69282
1367347561 69310
1367351641 69338
1367442204 69286
1367473510 69382
1367510502 69391
1367555636 69390
1367626135 69694
1367630850 69746
1367731595 69745
1367731757 69743
1367968017 69742
1368492021 69974
1368506736 70010
1368598320 70169
1368599314 70180
1368599397 70182
1368604040 70190
1368640039 70192
1368666384 71011
1368698278 71029
1368706754 71031
1368706822 71031
1368736130 71033
1368748288 71033
1368838686 71047
1368838716 71047
1368839146 71049
1368841895 71050
1368845920 71076
1369161702 71075
1369185380 71075
1369375866 71087
1369431733 71102
1369439332 71119
1369529623 71119
1369541343 71794
1369550285 71795
1369715503 71795
1369809324 71802
1369847662 71791
1369948664 71781
1369950606 71810
1370045173 71811
1370384758 71811
1370387390 71811
1370669946 71823
1370670044 71822
1370670198 71822
1370670688 71822
1370679580 71829
1370894431 71829
1370923682 71829
1371084908 71827
1371155925 71985
1371231691 71991
1371282821 72098
1371498985 72178
1371507110 72652
1371507195 72652
1371507996 72677
1371508825 72675
1371548470 72671
1371554477 72720
1371560131 72961
1371641670 72959
1371746686 72961
1371746819 72961
1371912500 72961
1371912798 73282
1373957157 73283
1374021015 86981
1378072647 94873
1378172292 95685
1379362235 97210
1379962372 97269
1379962502 97268
1379962555 97268
1379970141 97270
1380061872 97270
1380207664 97326
1380220054 97328
1380228500 97338
1380229426 97392
1380229914 97383
1380230299 97383
1380230935 97382
1380773664 97711
1380822726 97718
1380822761 97718
1380826836 97721
1381004718 97755
1381005539 97756
1381019075 97756
1381026535 97883
1381039025 97902
1381168065 97910
1381186132 97910
1381203958 97919
1381298258 97919
1381301095 98176
1381342114 98176
1381345187 98222
1381346059 98222
1381356445 98222
1381362584 98242
1381362930 98271
1381438547 98650
1381450602 100422
1381458873 100648
1381531381 100712
1381531483 100716
1381532895 100714
1381638206 100685
1381785601 100844
1381814747 101857
1381859506 101880
1381871553 101880
1381888966 101871
1381888977 101877
1381897503 101883
1381904067 101886
1381906796 101892
1381964321 101892
1382033548 101850
1382041267 101886
1382153050 101892
1382153456 102208
1382153559 102229
1382161740 102297
1382163582 102297
1382207696 100172
1382251240 100183
1382287117 100185
1382294721 100202
1382314686 100076
1382317191 100092
1382328231 100095
1382332832 100232
1382381825 100244
1382407128 100244
1382412809 100244
1382420700 100385
1382423498 100519
1382423713 100538
1382462443 100549
1382463002 100549
1382466619 100597
1382472614 100599
1382482902 100571
1382508933 100608
1382566079 100848
1382567362 100859
1382576588 100893
1382590578 100893
1382591152 101015
1382659719 101145
1382679122 101267
1382721378 101272
1382737566 101270
1382747166 102145
1382750923 102260
1382812559 102261
1382812755 102268
1382926281 102275
1382927520 102276
1383025304 102276
1383115630 102318
1383159824 102338
1383177507 102343
1383177716 102343
1383189108 102352
1383345633 102365
1383353890 102365
1383428197 102365
1383428510 102365
1383540195 103466
1383616446 103689
1383618087 103782
1383626834 103750
1383676939 103749
1383722049 103757
1383759374 103757
1383773267 103756
1383808967 103794
1383851307 103814
1383943865 103813
1384026916 103857
1384033680 103870
1384040429 103870
1384048405 103863
1384048429 103883
1384104236 103891
1384201802 103892
1384276205 103965
1384301990 103987
1384302369 104000
1384312419 104482
1384360745 104494
1384390124 104494
1384390195 104469
1384453548 104469
1384453836 104469
1384453931 104470
1384487035 104460
1384487090 104469
1384496968 104462
1384631050 104457
1384742538 104590
1384905841 104593
1384905944 104624
1384906291 104625
1384972570 104621
1384989355 104664
1385086333 104666
1385087199 104666
1385207206 104688
1385262122 104695
1385337046 104698
1385337153 104893
1385338791 104989
1385350065 104994
1385421929 105455
1385434218 105407
1385435371 105408
1385441317 105457
1385452807 105908
1385490199 105911
1385521640 105916
1385521713 105935
1385528140 106117
1385605479 106123
1385883529 106162
1385930818 106172
1386050333 106317
1386109300 106335
1386181730 106335
1386194531 106335
1386196929 106335
1386201127 106332
1386228784 109705
1386275484 109750
1386314982 109777
1386356502 109772
1386356612 109804
1386356643 109804
1386359399 109993
1386379743 110007
1386389696 110014
1386389775 110014
1386390585 110013
1386445912 110013
1386446176 110013
1386484474 110014
1386564560 110014
1386636696 110133
1386709286 110130
1387009365 110679
1387054777 110693
1387059394 110695
1387140512 110695
1387140542 110697
1387145494 110701
1387173750 110702
1387232162 110702
1387236231 110702
1387262541 110684
1387347981 110686
1387409244 110686
1387414586 110736
1387434141 110713
1387440403 110715
1387478336 110720
1387488909 110762
1387505542 110782
1387569414 110773
1387823900 111025
1387861728 111395
1387865246 111398
1387921033 111398
1387924607 111426
1387931706 110855
1387965135 110857
1387995273 110857
1388039466 111686
1388079048 111691
1388103039 111688
1388137198 111688
1388137300 111688
1388180230 111700
1388200144 111684
1388200214 111678
1388265906 111672
1388301216 111672
1388301940 111672
1388418266 111676
1388513571 111749
1388529088 111765
1388540904 113127
1388555424 112011
1388624628 112026
1388640552 112816
1388696094 112894
1388696248 112889
1388697654 113105
1388704628 113108
1388718400 113096
1388733355 112059
1388777075 112053
1388795453 112079
1388821814 111997
1388881770 112224
1388970707 112238
1388978709 112259
1388990256 112281
1389032944 112282
1389035963 112281
1389036948 112282
1389037232 112282
1389037361 112280
1389049014 112280
1389067977 112280
1389082700 112328
1389084865 112352
1389110941 112352
1389111002 112403
1389123035 112403
1389123094 112519
1389138554 112524
1389142628 112654
1389148333 112648
1389159003 112698
1389159045 112716
1389159138 112786
1389160595 112778
1389162112 113946
1389162388 113946
1389162738 114164
1389192560 114168
1389210448 114162
1389210519 114167
1389210606 114168
1389210937 114168
1389251968 114168
1389256339 114157
1389257776 114170
1389310290 114169
1389316594 114171
1389321472 115586
1389322006 115591
1389323035 115675
1389328191 115671
1389334940 115717
1389339483 115717
1389340729 115717
1389386866 115721
1389389655 115775
1389396739 115827
1389399901 116852
1389399944 117247
1389402862 117255
1389405110 117255
1389408783 117255
1389425001 117255
1389425115 117255
1389462408 117255
1389470875 117312
1389473306 117313
1389489126 117313
1389492433 117313
1389505999 117343
1389574511 117355
1389574873 117355
1389584976 117392
1389585861 117752
1389591064 117752
1389591103 117752
1389594914 117707
1389644285 117750
1389659070 117750
1389671126 117757
1389674722 117757
1389680943 117790
1389681141 117894
1389682453 117920
1389682572 117971
1389682718 125082
1389683306 125321
1389684404 125321
1389686737 125324
1389691114 126259
1389721483 126270
1389734924 126368
1389739944 126380
1389740004 126386
1389740353 126386
1389765066 126395
1389765170 126464
1389768636 126476
1389769675 126519
1389770225 126519
1389801977 126195
1389808850 126017
1389813307 126016
1389822885 126023
1389822914 126026
1389824745 126027
1389830943 126026
1389845729 126006
1389858445 126023
1389943050 126135
1389943095 126135
1390078161 126135
1390090654 126105
1390090903 126115
1390091036 126118
1390091363 126122
1390156194 126125
1390159991 126130
1390283069 126130
1390285550 126147
1390286145 126152
1390289675 126161
1390291782 126202
1390330194 126132
1390344829 126132
1390428090 126675
1390428348 126675
1390428607 126675
1390429979 126675
1390434304 126683
1390445882 126693
1390448249 126693
1390502906 126696
1390504455 126734
1390532914 126768
1390533119 126676
1390533792 126677
1390535220 126685
1390539198 126702
1390718167 126720
1390718490 126740
1390850151 126748
1390861446 126748
1390868821 126748
1390871315 126774
1390973420 126817
1390974665 127680
1391028294 127687
1391103198 127695
1391215922 127700
1391406677 127697
1391455539 127691
1391461329 128065
1391535946 128065
1391536031 128065
1391624985 128065
1391633064 128064
1391666927 128061
1391672227 128061
1391672292 128061
1391727515 128121
1391730076 128121
1391731848 128160
1391732124 128149
1391753153 128142
1391755116 128198
1391888353 128312
1391891048 128313
1391893188 128314
1391904043 128314
1391930014 129298
1391931331 129301
1391931408 129337
1391931557 129340
1391969359 129675
1391982867 129677
1391983049 129778
1391987990 130181
1392013072 130283
1392017706 130280
1392100119 130280
1392158782 130280
1392158939 130366
1392187188 130366
1392194562 130493
1392230872 130493
1392251185 130493
1392273309 130539
1392276186 130540
1392277330 130541
1392324261 130551
1392330366 130551
1392400861 130551
1392582338 130556
1392598377 130551
1392605759 130574
1392659515 130574
1392663542 130573
1392678772 130609
1392693807 130617
1392763476 130511
1392769763 130511
1392774407 130511
1392777002 130517
1392854043 130518
1392876395 130518
1392882293 130549
1392943573 130550
1392960039 130562
1393009915 130595
1393015572 130595
1393041939 130659
1393051485 130659
1393092590 130659
1393110631 130669
1393112365 130668
1393120428 130632
1393129275 130615
1393184455 130603
1393289937 130619
1393292122 130698
1393305218 130701
1393310550 130874
1393312838 130673
1393430402 130668
1393438190 130676
1393442416 130649
1393455037 130649
1393462346 130638
1393478264 130664
1393479424 130664
1393483962 130665
1393485750 130678
1393486849 130662
1393486935 130667
1393487492 130668
1393528341 130734
1393542380 130726
1393564402 130716
1393566775 130695
1393602047 130715
1393612981 130730
1393640913 130730
1393701862 130764
1393719682 130770
1393722938 130764
1393723493 130764
1393723674 130813
1393749119 130862
1393749323 131126
1393750130 131126
1393750816 131122
1393750842 131130
1393799239 131130
1393799273 131091
1393802299 131313
1393813141 131340
1393831607 131368
1393832928 131368
1393886389 131365
1393886485 131365
1393891920 131351
1393893537 131377
1393910659 131389
1393910838 131357
1393914690 132752
1393957622 132753
1393957697 132760
1393975963 132760
1394056828 132764
1394066323 132764
1394067178 132778
1394084854 132779
1394138727 132817
1394146260 132990
1394152070 134949
1394154778 134966
1394156803 135103
1394157451 135098
1394216547 135159
1394217415 135264
1394246887 135339
1394262635 135325
1394263439 135325
1394263606 135338
1394311226 135313
1394323362 135316
1394388519 135347
1394390264 135360
1394391426 135360
1394396227 135388
1394430132 135388
1394483220 135433
1394483689 135454
1394483831 135468
1394494121 135446
1394498553 135452
1394561819 135626
1394602757 135719
1394607425 135765
1394645521 135777
1394648741 135779
1394654391 135801
1394665064 135826
1394671392 135828
1394678772 135828
1394678958 135829
1394691419 135838
1394696599 135917
1394737893 135935
1394738164 135938
1394767656 135938
1394822426 135948
1394927007 135934
1394989041 135888
1395033299 135904
1395090212 135968
1395102951 135970
1395128747 136058
1395128763 136055
1395165978 136102
1395178471 136102
1395180853 136102
1395188442 136135
1395205067 136138
1395205497 136234
1395218554 136236
1395234560 136238
1395258415 136370
1395260221 138694
1395263085 138698
1395272034 138714
1395277008 138698
1395337160 139403
1395349996 139396
1395363800 155779
1395379871 155782
1395439545 386393
1395443242 386397
1395445998 386426
1395446046 386441
1395450353 386441
1395597421 386443
1395601735 387723
1395613300 387681
1395621242 388214
1395675852 388391
1395693487 388393
1395714262 388443
1395721223 388685
1395723303 388696
1395724551 388657
1395725061 388668
1395766646 388689
1395768085 388669
1395777930 388712
1395779293 388747
1395799278 388784
1395817784 388840
1395850597 388840
1395873378 388716
1395883155 390722
1395883189 390740
1395883335 390741
1395883495 390781
1395883912 390801
1395887420 390850
1395935622 390845
1395939283 390844
1395946151 390843
1395960547 390965
1395983835 390975
1395985500 390982
1395991309 391074
1396038815 391073
1396073369 391107
1396129296 391712
1396131163 391898
1396147762 392008
1396155689 392009
1396155773 392039
1396159383 392071
1396199038 392099
1396199216 392100
1396292834 392215
1396304626 392294
1396308343 392295
1396320991 392299
1396327356 392300
1396332074 392300
1396388744 392467
1396402550 392467
1396405766 392468
1396405910 392467
1396413649 394655
1396421678 394655
1396460152 394654
1396460589 394580
1396466857 394628
1396468042 395864
1396468084 395893
1396472472 396228
1396487671 396294
1396559327 396284
1396564307 396532
1396564397 396897
1396564937 396994
1396565134 397694
1396565322 397695
1396566728 397695
1396569215 397695
1396569606 397705
1396588436 397734
1396619644 397723
1396630224 397726
1396635167 398036
1396643322 398039
1396647992 398039
1396656991 398169
1396657397 398188
1396657769 398230
1396664115 398328
1396664388 398328
1396668984 399135
1396671333 399148
1396672320 399148
1396676959 399149
1396736270 399145
1396736617 399144
1396750104 399144
1396756325 399148
1396825386 399152
1396827683 399186
1396831237 399193
1396831424 399203
1396831721 399254
1396837053 399333
1396843485 399351
1396854840 399348
1396860410 399359
1396890120 399360
1396892731 399357
1396895294 399405
1396900047 399405
1396901190 399418
1396921124 399418
1396921158 399462
1396921208 399469
1396924104 399497
1396934652 399904
1396939221 402006
1396940417 402343
1396944213 402437
1396992196 402436
1396992624 402436
1396993220 402436
1396993322 402509
1396999162 402511
1397006152 402610
1397014621 402682
1397021361 402948
1397023275 403126
1397031286 403610
1397035275 403843
1397082273 403894
1397088497 403844
1397094987 404048
1397115441 404041
1397121040 403837
1397151324 403832
1397151574 404706
1397153861 404716
1397166209 404714
1397167198 404715
1397167453 404715
1397172033 404764
1397175011 404839
1397177370 404842
1397179554 404842
1397187836 404858
1397202468 404898
1397238327 404896
1397243173 405567
1397247801 405569
1397270500 405574
1397270602 405728
1397273622 405728
1397281607 405693
1397284429 406273
1397345618 406269
1397361149 406277
1397404717 406320
1397420332 406391
1397514163 406434
1397515914 406434
1397530200 406487
1397545675 407064
1397546383 407064
1397583522 407064
1397585567 407530
1397585668 408237
1397615679 408255
1397615852 408255
1397619204 409409
1397619640 409784
1397663534 409782
1397663581 409782
1397663674 409787
1397664858 409793
1397666007 409866
1397666099 409880
1397666597 409882
1397667537 409887
1397677282 409957
1397685382 409962
1397691154 409962
1397693750 409972
1397693815 409984
1397694601 409981
1397695151 409987
1397696322 409987
1397696891 409987
1397697176 409987
1397697787 410021
1397700340 410029
1397748578 410092
1397770597 410092
1397780640 410093
1397781204 410094
1397840476 410109
1397840547 410124
1397840595 410131
1397840642 410141
1397840700 410141
1397841013 410141
1397847853 410153
1397868562 410159
1397885679 410172
1397945164 410172
1397945334 410185
1397945418 410194
1397953944 410205
1398101193 410690
1398109063 410690
1398109682 410690
1398114623 410712
1398115277 410712
1398132289 411817
1398142660 411829
1398144284 411839
1398147053 411839
1398152536 411839
1398184993 411838
1398185081 411838
1398189978 411838
1398190050 411869
1398190847 412643
1398202069 412659
1398202121 412660
1398204312 412662
1398219726 412670
1398219843 412907
1398220513 412872
1398220707 412872
1398222153 412956
1398228975 412955
1398230372 412955
1398273572 412984
1398287540 412984
1398289590 412994
1398289658 413002
1398297169 413029
1398297834 413104
1398315573 413105
1398315622 413152
1398315673 413152
1398317762 413156
1398318479 413158
1398320455 413179
1398324465 413250
1398358648 413257
1398358784 413256
1398359178 413263
1398363220 413263
1398363312 413307
1398376441 413307
1398377243 413333
1398380118 413330
1398385636 413377
1398388702 413487
1398388860 413514
1398389890 413631
1398391017 413709
1398395895 413728
1398396070 413810
1398396677 413815
1398397713 413884
1398400477 413998
1398400953 414032
1398401477 414032
1398401512 414018
1398406074 414045
1398406923 414046
1398407640 414048
1398409156 413898
1398449561 413896
1398451621 413892
1398457129 413892
1398460658 413892
1398467088 413961
1398473704 413963
1398477874 413975
1398548322 413977
1398548394 413993
1398564273 414011
1398565469 414030
1398637026 414030
1398638517 414126
1398638717 414127
1398639048 414127
1398645656 414198
1398652862 414199
1398668249 414199
1398668382 414237
1398718689 414678
1398718722 414683
1398731217 414699
1398731362 414701
1398734099 414709
1398750651 414538
1398755417 414539
1398756975 414539
1398757263 415013
1398758012 415015
1398758378 415015
1398781188 415033
1398796247 415070
1398801242 415080
1398820005 415080
1398834274 415092
1398834340 415092
1398834440 415086
1398839074 415152
1398876585 415157
1398932151 415157
1399005163 415253
1399005442 415253
1399005580 415251
1399005726 416006
1399059627 416006
1399091694 416004
1399092151 415948
1399100113 415957
1399101456 415957
1399139945 415980
1399145491 415990
1399148632 415990
1399148830 415988
1399161139 415998
1399167524 416018
1399184031 416342
1399185132 416348
1399226919 416349
1399229729 416349
1399231343 416384
1399250608 416393
1399250932 416401
1399261011 416402
1399261913 416410
1399265950 416410
1399276326 416409
1399311229 416451
1399313975 416450
1399328899 416664
1399332487 416675
1399339594 416675
1399339934 416720
1399339974 416781
1399343939 416860
1399353287 416867
1399355982 416984
1399396379 416984
1399402809 417012
1399403266 416994
1399406019 417001
1399411059 417001
1399414355 417312
1399416106 417312
1399422472 417309
1399432042 417338
1399434608 417340
1399438505 417338
1399446665 417345
1399448232 418815
1399480891 419039
1399481311 419073
1399496098 419073
1399497852 419074
1399497889 419074
1399498522 419096
1399503113 419107
1399503671 419283
1399503775 419283
1399507718 419427
1399522505 419464
1399523076 419463
1399525723 419549
1399569785 419474
1399576387 419469
1399579650 419469
1399588307 419487
1399596752 419487
1399596802 419469
1399596850 419482
1399607017 419485
1399607129 419488
1399607171 419488
1399613177 419460
1399613417 419458
1399613586 419457
1399613648 419457
1399625486 419457
1399672294 419457
1399697423 419466
1399742104 419468
1399747681 419468
1399748607 419483
1399749024 419514
1399751211 419514
1399752133 419514
1399755668 419523
1399758487 420025
1399780240 419979
1399780682 420028
1399781284 420028
1399844067 420027
1399853515 420071
1399857454 420073
1399858426 420073
1399861242 420094
1399916943 420073
1399918132 420060
1399918228 420069
1399925124 420092
1399926023 420092
1399929379 420171
1399929445 420208
1399934448 420282
1399939753 420207
1399940848 420207
1399941329 420227
1399941580 420282
1399945230 420288
1399945588 420288
1399947624 420400
1399947666 420400
1399947819 420444
1399948955 420444
1399949054 420503
1399950510 420501
1399960974 420514
1400013923 420572
1400027487 420609
1400031152 420689
1400033031 420689
1400041431 420692
1400041463 420787
1400041568 420902
1400048691 420807
1400048842 420813
1400051412 420821
1400053077 420819
1400054073 420828
1400066252 420863
1400085513 421528
1400085933 421674
1400086261 421674
1400087245 421692
1400091566 421698
1400094074 421704
1400097210 421710
1400104637 421710
1400107552 421708
1400113110 421708
1400115293 421708
1400115551 421711
1400116820 421713
1400127221 421715
1400129120 421828
1400131444 421860
1400131481 422975
1400131586 422985
1400136483 422987
1400177139 422988
1400178021 423028
1400178093 423041
1400180399 423115
1400196939 423115
1400197454 423115
1400197842 423117
1400198317 423117
1400203216 423117
1400215078 423118
1400217154 423149
1400221903 423183
1400222007 423182
1400265438 423227
1400266020 423248
1400272901 423928
1400286905 423925
1400297110 423926
1400301734 423926
1400304878 423999
1400304983 424004
1400306327 424004
1400445083 424004
1400457113 424005
1400457657 424068
1400536955 424119
1400542891 424123
1400550148 424125
1400553629 424116
1400558126 424118
1400560173 426254
1400564184 426254
1400606832 426256
1400660545 426256
1400660614 426256
1400660710 426256
1400698745 426256
1400704013 426264
1400711867 426282
1400723352 426298
1400748770 426262
1400796665 426263
1400815541 426269
1400815947 426268
1400816935 426809
1400875360 426809
1400979709 427085
1400981220 427095
1400989219 427101
1400989321 427112
1400996367 427112
1401001602 427136
1401006735 427138
1401007489 427141
1401007628 427156
1401054507 427162
1401059057 427164
1401063301 427154
1401063347 427287
1401068264 427309
1401074012 427315
1401088640 427320
1401135395 427321
1401140098 427321
1401145822 427348
1401165025 427366
1401165087 427366
1401165652 427395
1401167123 427401
1401171459 427402
1401216818 427406
1401227637 427406
1401227723 427419
1401232118 427451
1401254270 427450
1401255707 427450
1401317394 427568
1401317435 427568
1401317825 427633
1401343719 427646
1401379659 427652
1401402243 427720
1401403165 427831
1401430820 427847
1401435273 428492
1401437631 428465
1401469862 428469
1401512524 428469
1401512697 428469
1401512768 428470
1401513191 428469
1401520009 428469
1401561003 428481
1401564275 428483
1401564862 428484
1401565018 428487
1401566697 428550
1401572187 428465
1401573549 428489
1401590653 428491
1401662344 428528
1401668825 428623
1401692424 428743
1401734889 429029
1401736183 429035
1401757377 429104
1401762023 429107
1401822287 429065
1401825831 428944
1401826700 428962
1401827189 428974
1401827476 428977
1401827987 428977
1401830088 429137
1401832466 429269
1401844258 429269
1401844705 429300
1401845860 429354
1401846793 429354
1401853754 429370
1401859984 429370
1401860240 429372
1401860838 429305
1401871894 429311
1401906428 429335
1401911816 429842
1401922589 429850
1401922916 429860
1401925553 429860
1401947809 429872
1401992853 429872
1401993575 429904
1401994831 429930
1401998806 429931
1401998846 429931
1401999213 429940
1402015328 429950
1402015486 429951
1402015538 429952
1402034508 429991
1402035659 429995
1402036392 430027
1402079497 430033
1402080321 430044
1402176033 430039
1402182997 430040
1402183346 430040
1402215892 430046
1402255654 430053
1402262332 430072
1402265667 430072
1402277997 430075
1402294707 430075
1402294810 430075
1402297720 430084
1402334481 430087
1402338696 430300
1402344833 430316
1402348494 430449
1402349059 430518
1402357664 430582
1402377530 430584
1402377663 431718
1402386549 432086
1402388084 432086
1402414497 432093
1402430392 432348
1402431197 432352
1402431306 432352
1402434475 432369
1402446377 432369
1402456922 433224
1402457045 433224
1402462148 433235
1402462741 433238
1402467228 433238
1402470410 433343
1402471360 433345
1402472166 433342
1402491448 433325
1402508826 433369
1402508974 433373
1402509282 433386
1402513264 433478
1402513708 433819
1402513906 433828
1402527281 433829
1402527341 433828
1402534715 433987
1402535793 434063
1402544729 434392
1402545519 434392
1402553871 434392
1402585851 434392
1402586065 434569
1402602787 434576
1402607976 434577
1402613012 434587
1402619826 434593
1402620693 434602
1402627467 434765
1402630858 434757
1402634340 434775
1402639781 434815
1402653578 434816
1402681941 434819
1402689315 434820
1402689588 434904
1402699046 434904
1402727337 434919
1402777042 434916
1402777350 434918
1402781488 434943
1402824514 434987
1402869334 434987
1402899806 434990
1402900375 434999
1402901070 435002
1402901278 435000
1402942289 435029
1402946851 435057
1402947029 435107
1402962137 435107
1402985436 435107
1402986691 435119
1402987347 435133
1402988885 435195
1402993702 435199
1403003680 435329
1403004617 435611
1403030868 435766
1403031802 435766
1403032668 435767
1403033155 435787
1403042964 435787
1403057699 437320
1403058857 437319
1403067830 437319
1403113892 437321
1403114265 437328
1403120938 437330
1403122586 437337
1403128601 437339
1403128889 437339
1403139162 437342
1403155146 437342
1403156652 437346
1403159097 437350
1403197886 437374
1403212443 437384
1403223066 437386
1403227445 437382
1403237188 437385
1403242461 437383
1403246343 437389
1403246498 437652
1403246865 439370
1403247503 439395
1403247679 439439
1403248017 439454
1403248372 439499
1403249699 439497
1403279540 439531
1403287383 439737
1403296898 439784
1403303882 439772
1403309673 439797
1403309816 439797
1403312154 439797
1403313933 439804
1403314922 439791
1403315094 439792
1403315640 439795
1403319912 439810
1403329788 439817
1403377458 439898
1403380969 439901
1403389215 439903
1403418597 439880
1403423727 439883
1403424735 439894
1403462869 439897
1403486716 439897
1403493683 439897
1403495522 439901
1403531471 440071
1403538949 440071
1403547845 440071
1403555073 440096
1403555709 440101
1403556824 440305
1403568806 440298
1403573694 440296
1403580346 440344
1403590727 440354
1403635237 440411
1403647770 440413
1403654090 440412
1403661869 440411
1403661967 440425
1403662022 440442
1403663480 440453
1403663959 440453
1403664277 440470
1403680474 440484
1403680648 440484
1403681012 440493
1403683283 440492
1403718442 440497
1403724188 440498
1403725402 440563
1403727678 440562
1403744793 440724
1403746907 440729
1403755068 440789
1403758549 440828
1403760903 440820
1403765731 440962
1403788827 440962
1403815039 440961
1403816445 441010
1403821289 441019
1403827764 441021
1403835491 441005
1403842336 441020
1403842406 441073
1403844415 441089
1403845161 441095
1403907805 441094
1403910691 441118
1403918433 441118
1403986032 441126
1404005967 441127
1404014703 441130
1404085588 441134
1404104502 441397
1404108000 441475
1404109654 441635
1404109745 441636
1404154222 441708
1404166358 441775
1404169418 441769
1404199718 441775
1404205011 441804
1404272230 441803
1404320624 441839
1404320821 441842
1404321036 441865
1404407675 441871
1404408410 441906
1404413691 441908
1404418933 441908
1404425218 441907
1404434273 441915
1404437478 441915
1404440662 441915
1404451901 441915
1404452903 442076
1404453756 442078
1404456114 442081
1404457527 442101
1404458731 442098
1404460421 442122
1404467037 442162
1404493279 442163
1404520387 442164
1404526548 442164
1404536770 442166
1404586088 442178
1404586308 442217
1404770774 442220
1404777704 442339
1404777842 442377
1404777959 442381
1404783458 442400
1404787204 442433
1404804563 442433
1404804702 442433
1404805306 442476
1404805771 442477
1404840978 442551
1404841426 442556
1404845742 442556
1404853247 442556
1404854618 442556
1404866131 442562
1404867036 442562
1404872246 442562
1404885441 442960
1404927945 443050
1404929194 443050
1404933308 443329
1404959176 443414
1404959798 443406
1404960264 443378
1404974369 443373
1404980317 443376
1405015417 443095
1405015843 443094
1405022160 443095
1405023302 443226
1405033268 443343
1405033410 443353
1405045200 443354
1405045424 443354
1405045644 443395
1405054674 443408
1405062144 443410
1405063276 443407
1405104755 443412
1405138226 443412
1405145083 443736
1405146407 443742
1405148862 443767
1405191934 443790
1405192047 443821
1405192412 443834
1405209315 443834
1405304863 443834
1405323779 443868
1405359644 443862
1405369344 443866
1405369969 443991
1405377748 444003
1405404395 444015
1405404553 444019
1405406292 444031
1405407339 444030
1405408431 444031
1405408926 444036
1405414017 444081
1405415698 444070
1405415729 444077
1405416001 444077
1405438822 444357
1405440819 444358
1405446377 444357
1405450376 444421
1405455213 444420
1405458054 444419
1405458108 444422
1405458241 444585
1405458405 444610
1405458717 444735
1405472177 444739
1405472308 444743
1405475259 444743
1405484512 444744
1405485245 444744
1405485336 444760
1405488934 444763
1405489428 444769
1405529091 444844
1405531417 444922
1405532694 444923
1405533239 444923
1405533347 444934
1405534036 444936
1405534418 444947
1405534507 444948
1405535271 444948
1405535721 444949
1405536649 444951
1405545017 444954
1405545408 444955
1405584074 444969
1405584155 444941
1405584812 444942
1405619693 444955
1405624848 444955
1405634702 444987
1405648728 444968
1405651559 445069
1405664701 445069
1405666628 445073
1405669663 445074
1405711427 445077
1405712510 445144
1405717213 445812
1405718640 445934
1405719491 445928
1405719632 445943
1405729532 446462
1405752767 446348
1405758446 446348
1405785881 446370
1405814182 446484
1405819148 446625
1405819461 446630
1405826407 446630
1405826653 446630
1405828019 446644
1405844672 446644
1405879566 446659
1405886699 446659
1405892734 446650
1405906836 446653
1405912698 446653
1405914524 447110
1405928788 447320
1405966546 447232
1405969194 447261
1405978515 447260
1405987420 447400
1405991897 447406
1405994101 447458
1406007053 447488
1406014706 447503
1406021947 447502
1406054737 447504
1406055533 448694
1406078008 448739
1406078084 448739
1406079280 448739
1406081112 448740
1406092710 448514
1406102335 448536
1406136705 448536
1406138741 448536
1406152043 448573
1406157804 448575
1406157932 449443
1406158015 449469
1406158206 449502
1406160748 449494
1406164625 449524
1406171488 449530
1406181039 449531
1406181169 449554
1406182165 449582
1406185776 449587
1406212264 449620
1406225545 449621
1406225959 449621
1406230622 449639
1406231170 449716
1406236380 449728
1406242749 449733
1406250937 449739
1406267627 450325
1406270528 450370
1406273552 450661
1406275805 450663
1406277022 451343
1406310472 451345
1406312091 451347
1406316049 453023
1406318413 453024
1406321985 453024
1406324078 453047
1406326453 453058
1406327817 451382
1406339102 451354
1406341069 451372
1406361245 451382
1406361896 451382
1406362028 451393
1406395629 451405
1406412032 451415
1406421425 451422
1406439857 451422
1406440567 451682
1406470867 451755
1406485220 451777
1406489721 451777
1406491418 453462
1406502496 454110
1406502999 455050
1406512018 453365
1406512232 453390
1406526883 453402
1406570393 453425
1406572459 453733
1406574450 455427
1406579864 455427
1406608742 455427
1406618145 455438
1406620938 455445
1406621564 455432
1406621801 455515
1406622926 455515
1406657489 457026
1406661768 457022
1406661814 457021
1406662299 457045
1406663384 457685
1406673170 457817
1406681568 457817
1406682860 457956
1406683251 457958
1406685726 457958
1406692685 459550
1406697380 459702
1406698974 459704
1406703129 459746
1406704531 462802
1406704739 462841
1406735715 462843
1406737663 462739
1406737733 462739
1406739419 462740
1406743211 462746
1406745924 462749
1406748275 462749
1406748822 462749
1406750660 462749
1406751069 462752
1406751434 462752
1406751545 463651
1406752963 463651
1406754504 463663
1406755880 463662
1406757873 463712
1406765070 463714
1406766651 463787
1406766872 463679
1406768270 463679
1406768879 465489
1406781013 465520
1406781479 465520
1406782652 465519
1406785257 465561
1406785590 465559
1406788645 465556
1406827540 465557
1406830525 465568
1406831203 465586
1406831738 465797
1406832680 465820
1406834320 465821
1406834796 465822
1406836500 466276
1406837124 466269
1406842509 466284
1406843932 466284
1406844446 466295
1406845913 466325
1406860336 466352
1406863977 466664
1406865108 467009
1406865731 467033
1406866017 467033
1406866448 467033
1406867015 467062
1406872422 467062
1406872633 467124
1406873558 467121
1406876490 467264
1406877378 467272
1406878395 467306
1406878479 467333
1406892766 467332
1406903573 467413
1406904464 467417
1406912446 467417
1406916519 467727
1406916893 467717
1406917632 468030
1406917904 468031
1406918525 468033
1406918773 468043
1406919844 468073
1406920350 468140
1406924704 468149
1406925715 468149
1406926639 468243
1406930537 468412
1406933541 468450
1406944061 469002
1406944321 469114
1406944838 469125
1406946916 469126
1406947101 469095
1406949026 469526
1406952031 469564
1406953502 469700
1406957532 469706
1406957605 469735
1406962511 469841
1406962530 469735
1406962584 470402
1406965538 470391
1406965697 470391
1406966267 470394
1406967063 470399
1406967976 470399
1407006710 470404
1407010037 470892
1407010601 470891
1407011735 472468
1407012928 472469
1407022428 474311
1407023287 474316
1407024769 474336
1407027322 474336
1407029224 474343
1407041059 474344
1407041756 474345
1407042046 474341
1407086344 474346
1407086759 474358
1407087412 474516
1407094109 474582
1407094486 474581
1407102881 474715
1407106320 474812
1407113269 474812
1407120425 474812
1407127161 475378
1407135358 475863
1407179621 475942
1407182358 476053
1407192892 476057
1407209958 476057
1407220073 476077
1407220863 476446
1407224347 476446
1407225067 476460
1407227446 476462
1407260428 476720
1407260906 476804
1407261172 476973
1407262670 476985
1407264608 476985
1407269303 477252
1407272252 477289
1407280961 477298
1407281090 477298
1407281432 477372
1407287888 477379
1407288602 477379
1407289837 477369
1407290170 477383
1407297302 477492
1407301150 477492
1407302959 477488
1407303032 477488
1407304978 477571
1407306749 477571
1407307294 477575
1407308860 477819
1407348492 477831
1407353315 477920
1407355104 478132
1407355833 478214
1407359271 478295
1407359541 478304
1407368093 478334
1407369120 478335
1407371275 478608
1407374015 478617
1407375903 478624
1407385333 478624
1407391139 478728
1407395058 478730
1407396038 478765
1407436092 478757
1407451724 478757
1407453862 478763
1407459889 479052
1407460143 479072
1407462795 479071
1407480316 479086
1407520911 479081
1407521411 479088
1407521716 479090
1407522238 479174
1407529868 479175
1407535651 479179
1407542246 479204
1407556401 479204
1407556724 479203
1407563576 479214
1407570354 479214
1407643136 479214
1407643843 479297
1407647136 479298
1407650814 479280
1407697942 479280
1407699857 479283
1407700838 479299
1407713467 479387
1407728214 479315
1407783249 479344
1407795921 479417
1407809701 479458
1407810134 479970
1407811769 480102
1407812766 480116
1407812886 480125
1407813013 480125
1407813089 480123
1407813301 480134
1407813483 480134
1407813716 480168
1407815114 480170
1407821625 480536
1407828480 480535
1407885961 480535
1407888921 480632
1407909029 480659
1407910775 480673
1407912216 480673
1407912462 480786
1407966177 480804
1407966971 480804
1407967032 480805
1407972049 480805
1407972470 480868
1407973802 481067
1407976538 481086
1407976675 481087
1407976859 481094
1407976958 481100
1407977124 481100
1407978518 481103
1407993427 481103
1407997463 481103
1407999224 481118
1408005458 481134
1408008258 481145
1408038188 481146
1408038393 481211
1408038532 481213
1408038951 481213
1408040561 481211
1408042573 481333
1408046421 481332
1408053699 481337
1408058831 481339
1408066622 481460
1408068093 483563
1408068231 483781
1408079114 483870
1408079324 483870
1408079733 483890
1408118032 483899
1408118464 481796
1408127708 481799
1408139410 482041
1408147455 482165
1408161869 482145
1408162075 482109
1408168532 482111
1408169554 482231
1408172695 482242
1408213611 482242
1408217759 482234
1408223758 482310
1408227214 482301
1408227283 482300
1408232918 482300
1408233574 482360
1408244755 482361
1408248987 482365
1408258394 482350
1408320415 482350
1408324245 482344
1408327238 482363
1408329195 482364
1408330231 482369
1408333998 482411
1408339798 482412
1408340346 482425
1408343384 482445
1408343447 482506
1408349745 482497
1408379676 482484
1408380745 482514
1408381246 482519
1408381552 482519
1408383924 482518
1408384340 482539
1408384810 482598
1408393030 483002
1408393530 482982
1408394283 482950
1408395515 482961
1408396210 483052
1408398005 483058
1408410099 483702
1408411254 483721
1408419739 483728
1408420301 483716
1408423412 483716
1408459231 483737
1408468511 483737
1408480137 483759
1408480505 483788
1408482289 483788
1408484792 483841
1408489608 483953
1408495235 484773
1408495297 484771
1408496862 484846
1408502222 484847
1408507283 484894
1408511129 484893
1408511473 484834
1408511782 484835
1408513370 484862
1408513402 484862
1408513429 484860
1408532994 485070
1408562011 485055
1408562321 485086
1408564659 485076
1408566371 485089
1408568679 485089
1408572107 485283
1408574247 485614
1408575074 485630
1408575646 485628
1408576446 485629
1408576990 485726
1408579659 485733
1408581696 485810
1408582059 485821
1408605449 486151
1408722300 486148
1408752335 486150
1408768488 486156
1408771685 486162
1408806570 486173
1408813705 486173
1408823201 486174
1408835950 487379
1408836068 487382
1408845313 487392
1408847614 487490
1408848434 487485
1408898624 487485
1408926813 487590
1408926954 487607
1408940165 487654
1408995002 487654
1408998547 487652
1409000104 487666
1409003720 487666
1409003811 487666
1409009220 487668
1409009399 487661
1409013836 487725
1409014003 487725
1409016019 487725
1409019747 487728
1409020808 487727
1409032595 487729
1409034969 487747
1409079086 487849
1409083470 488080
1409084575 488099
1409090648 488146
1409091147 488151
1409091522 488441
1409095754 488484
1409097460 489778
1409099459 489778
1409099620 489748
1409100604 489748
1409102921 489875
1409103039 489877
1409104500 489877
1409106594 489877
1409106919 489877
1409115588 489922
1409118736 489991
1409121650 489991
1409123618 490010
1409126363 490018
1409127588 490019
1409129159 490045
1409132342 490195
1409155324 489249
1409160733 489300
1409168361 489393
1409168602 489301
1409168834 489321
1409169047 489322
1409169671 489384
1409170384 489402
1409170713 489349
1409174766 489354
1409176016 489353
1409176505 489354
1409177147 489354
1409177302 489360
1409177648 489375
1409179240 489375
1409179830 489375
1409193866 489338
1409194053 489338
1409205826 489344
1409205934 489341
1409209689 489342
1409210123 489360
1409247396 489373
1409249144 489407
1409260087 489293
1409260128 489293
1409264221 489293
1409267930 489275
1409270721 489323
1409274508 489323
1409277640 489308
1409291573 489307
1409338069 489305
1409351012 489298
1409351219 489344
1409351383 489354
1409351546 489352
1409351699 489355
1409351764 489356
1409351863 489359
1409351955 489411
1409359035 489411
1409361407 489416
1409376275 489417
1409377952 489416
1409378718 489529
1409379698 489529
1409435287 489579
1409443097 489578
1409457528 489578
1409458308 489582
1409518931 489575
1409624754 489575
1409628751 489762
1409634868 489772
1409639299 489792
1409676485 489792
1409679026 489792
1409679914 489786
1409680025 489795
1409682803 489796
1409682895 489806
1409698067 489851
1409704613 489851
1409707748 489852
1409708514 489860
1409709052 489860
1409709768 489861
1409711152 489877
1409715075 489877
1409716176 489877
1409716285 489875
1409718609 489875
1409750570 489576
1409770185 489631
1409778922 489751
1409780831 489785
1409781458 489880
1409788699 489880
1409789093 489880
1409791081 490263
1409794753 490263
1409794921 490270
1409795840 490224
1409795966 490311
1409796519 490338
1409798257 490340
1409802420 490340
1409813387 490324
1409851703 490324
1409851751 490324
1409868368 490324
1409878036 490324
1409878274 490324
1409881569 490324
1409881665 490362
1409883372 490370
1409898898 490387
1409899026 490387
1409928880 490482
1409928982 490485
1409940420 490487
1409968325 490486
1409978805 490486
1409983734 490512
1409988780 490511
1410039569 490513
1410040003 490589
1410040165 490595
1410041090 490595
1410041323 490599
1410045149 490615
1410055590 490622
1410137879 490633
1410140086 491397
1410140544 491406
1410141276 491413
1410147512 491414
1410147593 491438
1410147727 491470
1410148564 491624
1410166973 491624
1410194833 491698
1410197055 491700
1410200400 491814
1410205072 491816
1410213397 491818
1410216328 491818
1410217160 491674
1410218072 491693
1410227997 491683
1410228302 491705
1410228485 491724
1410229758 491729
1410234716 491739
1410249059 491739
1410249088 491739
1410283105 491741
1410283408 491716
1410283440 491717
1410289021 491733
1410298948 491732
1410306939 491799
1410313173 491807
1410314094 491850
1410331632 491865
1410368379 491867
1410371115 491884
1410371313 491897
1410375743 491897
1410377664 491914
1410379019 491912
1410379607 491924
1410388630 492101
1410407858 492178
1410407980 492176
1410408113 492263
1410441187 492241
1410461436 492253
1410461821 492340
1410474213 492407
1410481126 492461
1410481716 492461
1410482976 492571
1410486275 492558
1410486806 492567
1410511079 492579
1410527338 492580
1410540381 492581
1410546570 492580
1410554609 492580
1410556118 492593
1410558508 492593
1410558882 492621
1410571871 492627
1410572570 492681
1410573939 492707
1410578049 492702
1410584139 492766
1410584282 492766
1410587437 492774
1410587485 492774
1410636860 492773
1410636940 492773
1410646110 493035
1410649684 492979
1410650524 493136
1410672681 493160
1410754217 493174
1410754649 493258
1410789238 493259
1410803873 493259
1410822701 493258
1410825458 493260
1410827971 493298
1410828075 493294
1410828206 493315
1410832645 493365
1410834497 493387
1410840598 493401
1410840840 493415
1410843218 493420
1410884283 493407
1410884463 493447
1410891690 493447
1410892797 493467
1410892828 493495
1410892946 493512
1410893135 493566
1410893300 493566
1410893506 493588
1410896505 493596
1410897118 494535
1410900016 494547
1410900366 494549
1410908600 494545
1410929853 494543
1410937797 494543
1410967552 494556
1410982389 494556
1410982909 494556
1410983084 494612
1410991677 494612
1410992044 494615
1410996230 494616
1410996718 494618
1410997947 494618
1411016363 494620
1411018631 494620
1411019674 494621
1411060638 494621
1411061417 494630
1411067072 494634
1411067244 494634
1411081094 494636
1411087768 494636
1411089108 494652
1411103931 495476
1411108352 495505
1411148982 495505
1411162310 495505
1411162522 495505
1411164071 495129
1411165762 495141
1411165917 495197
1411166022 495213
1411166088 495212
1411166371 495190
1411166687 495195
1411167758 495197
1411201489 495198
1411250703 495198
1411250975 495198
1411254197 495186
1411255849 495226
1411256474 495252
1411265227 495253
1411279865 495253
1411329876 495319
1411330176 495320
1411402241 495320
1411406024 495320
1411418863 495323
1411479956 495331
1411489252 495407
1411490414 495449
1411497944 495484
1411498073 495466
1411498333 495478
1411498685 495901
1411498784 495899
1411499867 495943
1411500432 495961
1411504920 495991
1411505058 495997
1411506033 496001
1411510152 496096
1411583638 496096
1411583679 496096
1411585809 496136
1411588805 496184
1411604335 496204
1411616349 496447
1411625426 496666
1411667417 496638
1411681812 496643
1411686660 496704
1411688955 496724
1411694641 496730
1411711003 496768
1411748862 496888
1411750078 496884
1411750727 496982
1411756013 496982
1411757448 496975
1411758277 496980
1411758361 496963
1411768034 496843
1411792194 496996
1411793050 496996
1411795310 496995
1411795429 496983
1411795474 496983
1411795812 496996
1411797640 497005
1411798510 497037
1411804646 497045
1411836064 497045
1411844766 497050
1411845016 497057
1411845697 497064
1411854360 497057
1411879685 497133
1411880890 497163
1411881482 497162
1411891287 497164
1411954213 497164
1411954391 497132
1411956264 497173
1411961574 497169
1411965890 498068
1411966509 498068
1411978395 498068
1412012708 498075
1412014509 498328
1412015132 498383
1412019504 498428
1412031115 498572
1412038887 498572
1412039153 498572
1412052801 498556
1412056582 498698
1412057873 498698
1412058970 498695
1412095426 498551
1412095618 498551
1412100938 498570
1412107885 498571
1412108921 498573
1412115531 498578
1412117704 498578
1412122236 498670
1412126697 498790
1412148554 498793
1412150604 498862
1412150629 498862
1412178904 498873
1412187694 498891
1412188102 498914
1412188229 498914
1412189490 498917
1412192437 498917
1412196442 498917
1412196770 498990
1412199447 498992
1412201709 499005
1412203481 499011
1412204109 499013
1412204226 499041
1412204429 499041
1412204580 499041
1412206228 499043
1412206690 499043
1412213478 499059
1412216662 499123
1412230131 499123
1412232801 499128
1412234971 499273
1412273599 499274
1412275044 499274
1412275715 499284
1412282850 499285
1412282987 499780
1412283174 499764
1412297276 499769
1412298278 499770
1412303541 499771
1412305473 499881
1412331977 499796
1412355795 499839
1412358161 499839
1412360718 499881
1412361384 499908
1412364362 500052
1412364867 500378
1412366284 500449
1412366988 500449
1412367157 500449
1412367515 500479
1412367990 500479
1412369336 500725
1412371331 500760
1412527764 500767
1412528117 500792
1412533157 500810
1412540560 500809
1412556278 500809
1412556440 500800
1412556719 500907
1412556984 500922
1412559852 500921
1412568228 500921
1412570180 500936
1412629545 500941
1412629673 500932
1412629720 500937
1412630346 501028
1412693497 501114
1412707586 501119
1412708002 501119
1412708772 501106
1412709612 501111
1412711530 501142
1412722822 501142
1412725216 501249
1412725414 501506
1412725644 501506
1412726072 501567
1412726089 501569
1412730567 501530
1412746359 501536
1412749584 501587
1412776135 501580
1412787223 501580
1412800426 501580
1412803401 501648
1412806759 501650
1412813027 501664
1412813089 501773
1412813814 501772
1412815947 501809
1412817078 501840
1412817202 501844
1412817421 502042
1412832315 502042
1412832914 502042
1412837117 501971
1412838024 501975
1412838131 501983
1412843818 502132
1412871752 502134
1412879241 502237
1412884754 502617
1412885611 502487
1412886156 502619
1412887586 502620
1412888547 502638
1412891436 502709
1412891847 502806
1412891943 502827
1412892181 502835
1412892898 502860
1412896087 502891
1412902442 502892
1412904119 502902
1412904306 502915
1412904403 502920
1412905296 502926
1412927216 502855
1412930676 502869
1412975645 502872
1412984959 502884
1412991595 502899
1413051977 502907
1413053519 502909
1413107216 505029
1413144522 505044
1413148735 505033
1413153687 505033
1413176606 505077
1413179334 505077
1413180314 505078
1413182150 505078
1413219581 505080
1413226242 505235
1413231115 505242
1413232274 505237
1413232392 506067
1413232599 506119
1413232820 506122
1413233021 506130
1413233134 506138
1413233194 506281
1413233246 506288
1413233351 506288
1413233427 506309
1413265609 506347
1413268297 506350
1413313958 506441
1413320979 506441
1413321405 506443
1413322929 506451
1413324591 506451
1413337814 506504
1413347871 506505
1413350198 506579
1413439544 506521
1413481926 506521
1413496610 506588
1413501355 506582
1413509925 506545
1413511098 506545
1413511210 506545
1413511657 506546
1413511959 506538
1413512522 506547
1413512737 506550
1413513813 506552
1413567225 506550
1413571510 506551
1413580327 506565
1413582584 506565
1413583377 506576
1413660800 506590
1413684888 506967
1413703866 506999
1413774151 507210
1413825621 507232
1413828086 507232
1413829911 507230
1413830118 507282
1413835946 507442
1413844194 507455
1413844337 507490
1413845465 507494
1413849051 507498
1413850152 507500
1413850524 507500
1413857795 507500
1413877751 507505
1413908985 507525
1413909437 507525
1413913033 507525
1413915745 507525
1413917379 507561
1413922529 507551
1413931547 507757
1413933658 507753
1413953589 507861
1413961733 507861
1413964293 507861
1413995592 507867
1414014598 507917
1414015481 507926
1414032240 507957
1414041191 507959
1414081172 507959
1414086666 507960
1414097215 507962
1414105298 507931
1414107572 508006
1414110000 508045
1414127703 508074
1414133390 508105
1414133880 508104
1414158668 508104
1414172883 508125
1414173145 508161
1414173797 508504
1414176288 509396
1414180896 509458
1414181075 509458
1414181301 509473
1414182743 509512
1414183605 509535
1414183688 509535
1414184583 509531
1414188375 509563
1414196468 509563
1414200995 500383
1414220817 500837
1414225239 500839
1414282064 500839
1414292864 500854
1414304282 500857
1414343000 500857
1414348167 500983
1414358052 500983
1414358953 500983
1414362279 500983
1414365009 501056
1414365890 501055
1414366049 501055
1414366113 501055
1414366215 501080
1414366322 501118
1414366571 501126
1414366829 501294
1414367647 501296
1414367763 501297
1414371726 501300
1414424736 501337
1414429368 501363
1414429464 501512
1414429565 501519
1414432395 501513
1414464219 501543
1414467725 501645
1414467809 501653
1414467980 501669
1414468209 501669
1414472436 501677
1414477906 501682
1414479313 501682
1414479856 501680
1414493422 502118
1414503991 502094
1414504390 502093
1414507904 502093
1414516456 502139
1414524541 502139
1414524702 502139
1414525029 502141
1414525452 502141
1414525641 502146
1414526305 502146
1414528566 502319
1414529005 502370
1414531617 502379
1414532166 502622
1414534481 502826
1414544350 502831
1414548717 503046
1414550296 503058
1414558810 503058
1414602893 503075
1414607227 505756
1414609858 505810
1414616460 506122
1414618970 506126
1414630139 507265
1414630756 507281
1414648978 507421
1414651966 507422
1414652757 507422
1414695656 507563
1414705873 508096
1414707422 508378
1414708052 508378
1414708147 508522
1414708283 508541
1414708331 508541
1414708366 508537
1414708414 508537
1414708436 508537
1414709069 508545
1414709693 508561
1414714545 508572
1414714644 508701
1414716970 508685
1414725336 508687
1414733118 508588
1414733452 509257
1414735362 509257
1414738786 509256
1414762986 509314
1414776499 509569
1414780079 509910
1414780228 509937
1414780400 509954
1414780491 509971
1414780863 509980
1414782468 509980
1414784392 509983
1414791415 509987
1414801372 509987
1414805463 510247
1414805599 510314
1414807075 511378
1414819812 511974
1414829627 511974
1414829887 511980
1414830166 511985
1414866166 512872
1414872924 518905
1414877820 513399
1414877865 515303
1414879391 515302
1414880338 515292
1414880496 515299
1414886306 515663
1414895354 517067
1414911831 517149
1414953892 517154
1414969181 517162
1414969715 518194
1414970084 518257
1414970152 518252
1414970309 518313
1414971955 518318
1414972016 518329
1414972824 518375
1414974384 518421
1414979755 518895
1414994167 518905
1414994525 518902
1414999222 518929
1415034155 518936
1415046264 518947
1415048216 518947
1415048861 518953
1415049429 519032
1415049633 519100
1415051983 519143
1415052507 519151
1415056741 519179
1415066691 519233
1415067452 519244
1415067527 519484
1415069437 519484
1415071751 519854
1415082588 520201
1415083243 520212
1415083665 520221
1415087774 520084
1415123623 520084
1415123823 520086
1415146538 520951
1415153668 520952
1415165752 521167
1415179313 521675
1415212393 521931
1415227123 522180
1415230231 522213
1415230728 522213
1415230925 522680
1415231134 522690
1415231382 522690
1415232164 522688
1415245878 522690
1415246176 522693
1415249135 522707
1415260983 522704
1415262139 522772
1415299546 522822
1415299605 522822
1415316667 522819
1415323129 522821
1415323246 522874
1415327954 523497
1415332472 523794
1415339532 523912
1415382141 524268
1415389415 524267
1415389525 524255
1415389880 524267
1415389928 524267
1415390200 524620
1415391353 524631
1415392247 524633
1415393588 524672
1415393711 524693
1415393809 524693
1415394505 524693
1415422383 524698
1415429581 524735
1415430973 524735
1415480631 524737
1415499023 524754
1415583648 524756
1415583728 524756
1415585780 524756
1415599880 524783
1415600943 525098
1415603234 525098
1415605695 525114
1415646252 525122
1415648258 525125
1415648847 525267
1415651628 525268
1415651876 525269
1415652041 525272
1415654613 525381
1415658749 525456
1415660166 525440
1415663715 525440
1415665072 525446
1415667396 525438
1415668852 525437
1415668977 525550
1415669163 525588
1415669836 525589
1415670365 525589
1415676712 525028
1415686680 525028
1415687176 525101
1415694331 525252
1415701107 525282
1415701343 525251
1415703732 525240
1415726988 525301
1415730635 525300
1415730833 525300
1415744958 525373
1415757779 525374
1415770608 529363
1415774873 529363
1415777907 529753
1415785811 529759
1415817537 532168
1415823931 532370
1415828148 532371
1415828385 532414
1415828689 532449
1415828786 532449
1415828960 532591
1415829401 532605
1415836692 532695
1415838658 532484
1415844914 532510
1415846797 532550
1415859284 532636
1415903094 532654
1415907747 532654
1415908485 532656
1415913380 532658
1415915656 532674
1415918224 532676
1415974182 532676
1415995208 532693
1415997797 532710
1416000581 532711
1416000815 532718
1416000973 532733
1416001068 532733
1416001880 537814
1416003676 537918
1416003717 537801
1416004086 537802
1416004417 538310
1416005817 538318
1416005975 538328
1416006042 538330
1416006203 538337
1416006576 538351
1416006713 538353
1416006996 538353
1416008001 538368
1416009065 538453
1416024711 538463
1416024826 538463
1416032741 538463
1416032928 538463
1416033416 538465
1416037463 538481
1416037585 538578
1416118954 538578
1416119027 538578
1416127455 538601
1416176801 538628
1416179104 538601
1416202311 538608
1416203757 538661
1416249633 538661
1416250049 538661
1416251191 538651
1416252268 538636
1416253943 538636
1416257298 538857
1416267193 538863
1416270408 538875
1416270487 538890
1416270592 538892
1416270665 538919
1416270830 538928
1416270949 538956
1416272112 538424
1416287270 538496
1416334104 538497
1416334273 538574
1416335729 538578
1416341603 538618
1416341853 538643
1416345098 538643
1416346641 538783
1416351666 538790
1416355053 538874
1416356271 539104
1416356744 539112
1416357455 539150
1416361314 539162
1416374658 539186
1416377796 539187
1416377826 539189
1416385651 539189
1416387339 539211
1416420069 539209
1416427869 539212
1416431208 539247
1416431835 539245
1416434624 539251
1416435490 539467
1416435798 539467
1416436821 539466
1416440737 539475
1416441186 539468
1416444621 539595
1416444813 539713
1416446420 539715
1416446622 539715
1416449247 539721
1416449935 539721
1416473339 539666
1416517944 539673
1416519410 539893
1416526288 540121
1416526443 540134
1416526884 540277
1416527160 540317
1416527316 540317
1416530425 540288
1416531059 540297
1416537062 540676
1416539565 540681
1416544483 540687
1416558542 540624
1416558658 540624
1416559363 540630
1416593190 540897
1416600604 540897
1416610951 540868
1416622507 540901
1416693938 540908
1416857328 540911
1416861825 540942
1416861907 540942
1416862148 540943
1416862477 540950
1416863894 541929
1416865820 542018
1416875834 542102
1416876083 542103
1416878223 541980
1416880990 541992
1416885254 542036
1416885413 541992
1416887881 542043
1416892644 542040
1416897159 542040
1416909454 542049
1416909679 542056
1416916916 542056
1416922589 542061
1416925421 542062
1416927036 542067
1416942431 542097
1416953787 542151
1416959186 542191
1416959282 542209
1416959468 542222
1416960429 542181
1416975015 542255
1416975019 542256
1416975100 542334
1416977824 542364
1416979965 542362
1416986158 542362
1416992128 542337
1417018970 542391
1417049524 542428
1417072583 542758
1417107797 542768
1417132480 542774
1417140074 542973
1417163782 542973
1417192960 542912
1417196047 542905
1417196498 542881
1417197615 542910
1417205730 542878
1417214618 542878
1417226645 542878
1417238675 542878
1417249866 542902
1417309925 542902
1417310054 542902
1417310588 542904
1417320730 542908
1417324231 542909
1417376408 542919
1417393181 542930
1417396730 542930
1417403047 542928
1417409473 542928
1417409513 542928
1417422568 542928
1417422664 542931
1417422774 542938
1417422901 542937
1417452334 542943
1417468191 542953
1417468350 542957
1417468676 542952
1417469204 542960
1417469487 542960
1417471322 542962
1417471437 542985
1417478931 542985
1417480794 542985
1417483634 542985
1417491643 543058
1417508321 543022
1417539962 543022
1417550355 543020
1417550872 543093
1417551123 543096
1417558368 543155
1417558872 543233
1417559112 543248
1417559444 543250
1417560026 543250
1417566972 543343
1417568882 543351
1417569251 543351
1417593209 543354
1417601117 543354
1417603803 543356
1417604516 543358
1417617099 543379
1417634162 543536
1417637280 543536
1417637980 543552
1417641384 543559
1417643783 543562
1417644815 543579
1417648081 543578
1417652904 543605
1417654683 543614
1417658270 544572
1417662509 544746
1417673746 544746
1417682635 544745
1417682757 544555
1417683101 544558
1417683522 544558
1417683572 544557
1417683606 545738
1417695395 545736
1417717263 545757
1417722767 545762
1417723901 545771
1417731239 545771
1417731729 545815
1417734876 545820
1417739540 545835
1417745676 545835
1417746422 545835
1417750382 545843
1417758818 545840
1417758829 545683
1417760721 545681
1417804060 545691
1417809632 545688
1417815733 545688
1417856211 545722
1418009768 545781
1418010122 545793
1418067894 545792
1418082258 545801
1418083353 545801
1418083983 545873
1418084916 545873
1418088466 545867
1418089152 545900
1418111655 545901
1418149695 546024
1418151763 545192
1418156179 545209
1418159592 545206
1418166636 545198
1418166680 545200
1418171167 545204
1418171907 545205
1418176199 545339
1418182149 545339
1418197625 545341
1418197997 545344
1418243044 545351
1418243340 545384
1418244096 545393
1418244504 545402
1418246967 545402
1418249977 545404
1418250473 545410
1418251276 545410
1418252475 545443
1418273099 545443
1418283675 545469
1418307683 545737
1418366496 545751
1418366582 545988
1418366667 545990
1418366725 546299
1418366883 546297
1418366967 546295
1418367018 546294
1418367109 546316
1418367261 546321
1418367402 546322
1418369920 546322
1418416717 553356
1418544076 546322
1418669685 546322
1418679855 546362
1418682823 546365
1418683875 546365
1418683937 546393
1418688375 546396
1418690781 546396
1418692325 546403
1418711418 546405
1418713106 546417
1418757576 546412
1418758643 546510
1418760801 546565
1418762246 546641
1418767075 546653
1418767708 546653
1418768020 546651
1418769424 546659
1418769956 546664
1418772149 546664
1418772679 546667
1418772899 546683
1418781327 546800
1418786923 546887
1418793363 547795
1418793519 547795
1418793597 547836
1418793671 547845
1418793808 547856
1418793996 547877
1418796663 547892
1418799625 547892
1418845664 547909
1418846517 547955
1418847843 547967
1418849031 547994
1418849284 548154
1418849487 548167
1418852376 548679
1418854366 548654
1418855222 548654
1418857319 548682
1418859695 548710
1418860210 548710
1418866284 548710
1418918506 548737
1418926747 548739
1418933753 548784
1418935998 548793
1418939749 548794
1418946146 548794
1418947253 548794
1418948976 548794
1418949796 548794
1418953062 548838
1418957909 549577
1418962112 549647
1418962223 549653
1418962426 549665
1418962750 549715
1418962912 550250
1418963096 550167
1418965249 550785
1418967662 550785
1418971244 550790
1419005081 550796
1419006578 550782
1419022272 550771
1419026164 550772
1419031481 550816
1419037357 550841
1419042075 550587
1419042576 550587
1419045593 550665
1419045939 550667
1419046359 550671
1419046580 550840
1419060776 550840
1419196617 550840
1419228619 550875
1419276000 550887
1419276485 550887
1419277009 550890
1419279096 550892
1419279233 550889
1419279563 550892
1419279823 550754
1419282421 550775
1419282562 550810
1419286411 550810
1419286479 550813
1419287188 550813
1419295375 550813
1419317672 550813
1419361936 550814
1419362286 550814
1419364928 550867
1419367181 550871
1419368060 550876
1419373716 550894
1419375513 550906
1419376494 550906
1419378353 550924
1419379379 550935
1419385584 550984
1419390874 550984
1419456771 550997
1419479381 550994
1419519943 550994
1419545155 550994
1419545592 550997
1419545810 550997
1419565189 551039
1419565565 551062
1419624202 551062
1419662396 551062
1419663124 551072
1419663304 551074
1419663574 551080
1419664993 551082
1419665489 551082
1419715518 551246
1419862830 551247
1419878714 551247
1419878933 551298
1419881454 551299
1419883508 551299
1419888266 552124
1419889785 552129
1419895755 552645
1419895879 552652
1419902232 552652
1419959987 552653
1419960592 552715
1419967486 552722
1419967753 552782
1419967847 552788
1419968027 552800
1419968828 552794
1419970044 552797
1419970304 552821
1419970605 552861
1419970669 552858
1419970735 552857
1419970860 552890
1419975507 552992
1419975651 552992
1419975870 552992
1419976452 553151
1419976857 553151
1419977947 553153
1419979153 553186
1419983756 553179
1419991940 553163
1420055453 553255
1420055650 553265
1420061824 553354
1420064703 553356
1420065307 553382
1420065931 553388
1420069198 553383
1420070567 553383
1420073957 553388
1420074467 553389
1420153434 553392
1420240181 553413
1420240347 553413
1420343168 553413
1420404039 553410
1420406917 553415
1420429068 553501
1420431978 553569
1420434197 553545
1420434364 553539
1420434561 553557
1420435113 553558
1420482757 553574
1420487978 553574
1420488309 553573
1420492259 553583
1420499993 553578
1420500862 553599
1420529193 553558
1420533079 553673
1420566577 553673
1420574528 553466
1420581462 553597
1420581645 553627
1420608211 553633
1420639842 553647
1420640079 553663
1420644736 553692
1420654421 553708
1420661352 553708
1420700490 553791
1420701757 553797
1420701956 553797
1420737943 553726
1420739712 553767
1420742426 553768
1420745756 553768
1420746342 553779
1420746923 553785
1420749774 553826
1420753389 553826
1420758223 554101
1420766113 554238
1420767728 554248
1420812609 554254
1420824016 554254
1420824946 554255
1420825218 554262
1420825626 554215
1420828053 554284
1420829228 554284
1420837215 554298
1420838432 554331
1420841780 554471
1420843245 554471
1420843528 554476
1420852202 554483
1420854318 554501
1420864721 554502
1420924752 554495
1420924989 554525
1420926801 554812
1420927684 554802
1420928197 554814
1420928745 554820
1420931123 554830
1420932941 554832
1420933123 554833
1420938296 554827
1420938454 554844
1420939539 554845
1421013042 554846
1421022208 554945
1421022767 554945
1421040676 554979
1421088432 554981
1421089032 554982
1421089256 554983
1421092679 554983
1421093734 554963
1421097284 554963
1421104749 554986
1421127891 554996
1421170101 554998
1421171028 555006
1421172439 555006
1421182231 555004
1421182887 555437
1421184635 555469
1421198201 554129
1421224735 554259
1421257019 554243
1421257650 554246
1421257801 554246
1421262191 554275
1421262629 554299
1421264740 554419
1421265115 554419
1421265223 554425
1421286633 554432
1421289375 554303
1421290457 554289
1421296262 554267
1421350841 554271
1421367312 554867
1421370464 554866
1421373222 555208
1421376519 555376
1421428616 555423
1421428853 555444
1421429324 555444
1421431511 555486
1421439548 555487
1421441800 555936
1421443517 555964
1421445682 556005
1421471346 554614
1421482268 554676
1421538684 554690
1421542987 554677
1421544953 554688
1421555994 554688
1421565312 554671
1421607702 554695
1421607793 554696
1421627740 554696
1421654348 554696
1421659722 554710
1421659942 554756
1421661716 554766
1421661924 554766
1421691015 554766
1421693052 554811
1421693129 554829
1421697496 554847
1421720151 555121
1421736644 555183
1421744125 555211
1421746870 555204
1421777849 555247
1421781614 555267
1421786281 555267
1421786455 555272
1421787491 555267
1421789196 555420
1421795774 555482
1421796020 555549
1421800846 555581
1421822698 555589
1421825644 555589
1421825867 555686
1421854950 555690
1421857914 555529
1421862518 555564
1421865130 555636
1421872440 555652
1421873981 555663
1421874356 555710
1421879263 555699
1421879890 554622
1421879894 570422
1421882862 554629
1421887902 554630
1421890458 554650
1421904031 554685
1421910394 554702
1421912504 554824
1421943395 554825
1421956175 554822
1421992733 554834
1421993061 554874
1421993353 556456
1422064395 556580
1422069915 556600
1422084851 556600
1422126035 556618
1422174299 556618
1422214085 556622
1422224279 556626
1422224402 556629
1422227285 556650
1422227517 556650
1422227709 556651
1422228305 556651
1422228860 556676
1422233306 556716
1422242204 556711
1422242933 556715
1422253089 556716
1422305492 556718
1422306469 556718
1422311022 556720
1422311170 556723
1422311547 556724
1422322848 556728
1422324201 556780
1422330377 556793
1422350954 556798
1422351977 556952
1422382970 556958
1422401581 556957
1422402175 557045
1422403704 558917
1422411049 559159
1422433769 559093
1422439986 559093
1422440114 559093
1422468397 559444
1422471771 559458
1422472124 559485
1422475801 559499
1422477683 559499
1422477802 559510
1422477875 559511
1422478032 559525
1422478257 559554
1422478351 559557
1422478563 559557
1422479092 559556
1422481686 559720
1422482101 559763
1422494063 560958
1422494763 561137
1422501032 561163
1422517327 561287
1422518470 561356
1422555104 561399
1422565245 561411
1422573189 561312
1422574102 561314
1422574859 561349
1422574943 561398
1422575093 561408
1422575233 561418
1422575374 561433
1422577400 561443
1422577879 561483
1422579300 561483
1422580467 561443
1422581040 561636
1422581317 561639
1422584585 561645
1422587348 561670
1422595589 561708
1422607184 561970
1422609695 561975
1422639114 561965
1422641246 561972
1422641287 561977
1422655150 562056
1422655789 562390
1422660745 562390
1422661214 562398
1422686050 562848
1422688750 562844
1422691596 562850
1422693962 563484
1422694050 563643
1422729642 563643
1422776465 563649
1422811274 563843
1422828811 563886
1422841671 563951
1422841938 563951
1422842036 563951
1422842251 563962
1422843988 564037
1422844909 564062
1422845498 564127
1422845559 564129
1422848426 564135
1422850045 564619
1422854037 564699
1422855829 564706
1422863773 564706
1422867246 564706
1422907985 564900
1422908828 564917
1422909148 565026
1422909229 565026
1422909471 565027
1422913578 570424
1422914035 570353
1422914414 570408
1422914433 570384
1422914839 570462
1422916488 570511
1422917566 570537
1422920962 570616
1422921344 570698
1422921555 571202
1422922012 571217
1422924936 571217
1422925349 571284
1422925801 571288
1422926334 572360
1422928337 572281
1422932507 572796
1422933387 573051
1422934465 573094
1422935414 575030
1422936193 575029
1422939630 575039
1422939696 575071
1422940461 575074
1422942138 575074
1422945735 575374
1422945955 575379
1422947095 575640
1422948644 576721
1422948907 576836
1422949749 576304
1422950255 578095
1422951283 578097
1422952144 577853
1422952163 577859
1422953164 577911
1422988456 577911
1422988496 578017
1422993966 578230
1422994346 578296
1422994591 578373
1422994905 578452
1422999962 578452
1423004019 578523
1423008116 578627
1423011762 578782
1423022866 578613
1423023432 578709
1423024751 578709
1423030535 578763
1423031070 578968
1423031423 578977
1423031957 579371
1423039228 579430
1423039961 579430
1423040540 579430
1423068860 579430
1423078486 579461
1423080394 580831
1423088444 580850
1423088527 580943
1423089187 580939
1423089312 580940
1423091317 580999
1423091527 581007
1423091634 580983
1423091689 580983
1423092160 580984
1423092370 581012
1423094109 581047
1423099083 581132
1423103751 581172
1423106286 581218
1423108308 581015
1423108361 581030
1423108437 581112
1423118384 581119
1423118808 581953
1423119827 581994
1423120561 581995
1423122274 582026
1423123073 582028
1423125770 582028
1423160155 582238
1423163570 582257
1423166404 582257
1423166593 582257
1423168947 582257
1423169052 582252
1423170468 582414
1423177324 582421
1423177653 582380
1423178996 583185
1423182411 583188
1423188430 583207
1423188558 583210
1423188894 583218
1423190208 583211
1423206160 583249
1423207929 583235
1423208627 584832
1423213313 584832
1423215216 584832
1423215552 584834
1423217240 584858
1423220435 584851
1423220688 584851
1423222719 584851
1423225345 584851
1423247211 586978
1423248511 586978
1423248796 587037
1423248863 587037
1423249106 587037
1423249436 587080
1423249777 587077
1423249898 587077
1423249980 587225
1423250098 587236
1423250531 587236
1423252052 587236
1423252220 587280
1423252622 587287
1423253302 587287
1423253624 587300
1423253702 587301
1423254566 587302
1423254800 587355
1423255087 587575
1423255288 587583
1423255343 587582
1423256889 587578
1423257610 587635
1423258054 587638
1423259243 587663
1423259555 587638
1423259702 587656
1423261389 587667
1423261626 587666
1423261880 588068
1423262129 588107
1423262872 588112
1423264262 588111
1423265022 588117
1423266179 588297
1423266238 588298
1423267026 590231
1423296878 590254
1423324684 590264
1423338090 590277
